[gd_scene load_steps=13 format=3 uid="uid://bmgabk4do4bx8"]

[ext_resource type="PackedScene" uid="uid://db7ry8dwek5ww" path="res://core/unit/unit.tscn" id="1_1yxtd"]
[ext_resource type="Texture2D" uid="uid://lat7ahrw014r" path="res://assets/icon.svg" id="2_pul2k"]
[ext_resource type="Script" path="res://core/ability/ability_data.gd" id="3_h8awq"]
[ext_resource type="Script" path="res://core/ability/unit_ability.gd" id="4_fd4ga"]
[ext_resource type="PackedScene" uid="uid://d0365i2vlvahl" path="res://addons/KayKit_Adventurers_1.0_FREE/Characters/gltf/Barbarian.glb" id="5_jfm0e"]

[sub_resource type="Resource" id="Resource_uy0gr"]
script = ExtResource("3_h8awq")
name = "Stop"
icon = ExtResource("2_pul2k")
target_mode = 0
circle_radius = 0.0
arc_range = 0.0
arc_width = 0.0
line_width = 0.0
is_projectile = false
projectile_speed = 0.0
max_travel_distance = 0.0
piercing = false

[sub_resource type="Resource" id="Resource_773yr"]
resource_local_to_scene = true
script = ExtResource("4_fd4ga")
base_cooldown = 0.0
resource_cost = 0.0
cast_range = 0
cast_time = 0.0
is_castable_while_moving = false
data = SubResource("Resource_uy0gr")

[sub_resource type="CapsuleShape3D" id="CapsuleShape3D_equ16"]
radius = 0.7
height = 2.5

[sub_resource type="SphereShape3D" id="SphereShape3D_7rrcm"]

[sub_resource type="ViewportTexture" id="ViewportTexture_pa47n"]
viewport_path = NodePath("HealthBar/SubViewport")

[sub_resource type="Animation" id="Animation_jmb5j"]
resource_name = "idle"
length = 1.0667
tracks/0/type = "animation"
tracks/0/imported = false
tracks/0/enabled = true
tracks/0/path = NodePath("Model/AnimationPlayer")
tracks/0/interp = 1
tracks/0/loop_wrap = true
tracks/0/keys = {
"clips": PackedStringArray("Idle"),
"times": PackedFloat32Array(0)
}

[sub_resource type="AnimationLibrary" id="AnimationLibrary_yaq4q"]
_data = {
"idle": SubResource("Animation_jmb5j")
}

[node name="Barbarian" instance=ExtResource("1_1yxtd")]
unit_name = "Barbarian"
team = &"player"
ability_s = SubResource("Resource_773yr")

[node name="CollisionShape3D" parent="." index="0"]
transform = Transform3D(1, 0, 0, 0, 1, 0, 0, 0, 1, 0, 1.25, 0)
shape = SubResource("CapsuleShape3D_equ16")

[node name="CollisionShape3D" parent="RangeArea" index="0"]
shape = SubResource("SphereShape3D_7rrcm")

[node name="HealthBar" parent="." index="2"]
transform = Transform3D(1, 0, 0, 0, 1, 0, 0, 0, 1, 0, 2.81277, 0)
texture = SubResource("ViewportTexture_pa47n")

[node name="Model" parent="." index="5" instance=ExtResource("5_jfm0e")]

[node name="Skeleton3D" parent="Model/Rig" index="0"]
bones/1/position = Vector3(0, 0.392064, 0)
bones/1/rotation = Quaternion(-1.11123e-10, 0.0431578, 2.57241e-09, 0.999068)
bones/4/rotation = Quaternion(-0.559906, -0.0608803, -0.643974, 0.517779)
bones/5/rotation = Quaternion(3.65498e-08, -4.88301e-08, -0.494719, 0.869053)
bones/7/rotation = Quaternion(-0.321065, -0.325319, 0.145726, 0.87741)
bones/8/rotation = Quaternion(-3.6586e-09, 6.87811e-09, -0.707107, 0.707107)
bones/11/rotation = Quaternion(-0.618244, 0.0807286, 0.618012, 0.478873)
bones/12/rotation = Quaternion(2.09853e-08, 5.12855e-08, 0.517939, 0.855417)
bones/14/rotation = Quaternion(-0.319291, 0.300524, -0.22735, 0.869512)
bones/15/rotation = Quaternion(-1.02444e-09, -4.24391e-09, 0.707107, 0.707107)
bones/19/rotation = Quaternion(-5.80608e-11, -0.0313417, -1.88012e-09, 0.999509)
bones/22/rotation = Quaternion(0.993715, 0.0837146, 0.0735038, 0.0109185)
bones/23/rotation = Quaternion(0.195602, 6.26228e-08, -1.32239e-07, 0.980683)
bones/24/rotation = Quaternion(-0.517564, -0.209497, 0.0436549, 0.828452)
bones/26/rotation = Quaternion(0.997322, -0.0294574, 0.0315293, 0.0590483)
bones/27/rotation = Quaternion(0.274008, -6.38135e-08, 1.92761e-07, 0.961727)
bones/28/rotation = Quaternion(-0.559039, 0.114513, -0.00862764, 0.82115)
bones/31/position = Vector3(0.202182, 0.0259903, 0.205181)
bones/32/rotation = Quaternion(9.65792e-09, 1.77955e-09, 0.985719, -0.168398)
bones/33/rotation = Quaternion(-1.04035e-07, 0.391084, 0.920355, -2.9526e-08)
bones/39/rotation = Quaternion(-5.83589e-09, 6.43837e-10, 0.994809, 0.101756)
bones/40/rotation = Quaternion(-1.04035e-07, 0.391084, 0.920355, -2.95261e-08)
bones/45/position = Vector3(0.520841, 0.788312, -0.0576373)
bones/45/rotation = Quaternion(0.794627, -9.80973e-08, 0.607098, -8.14761e-08)
bones/47/position = Vector3(-0.510844, 0.788312, 0.0597369)
bones/47/rotation = Quaternion(-0.758253, -2.06327e-07, 0.651961, -2.6433e-08)

[node name="1H_Axe_Offhand" parent="Model/Rig/Skeleton3D" index="0"]
transform = Transform3D(2.60429e-07, 0.262865, 0.964832, 0.999999, -5.48367e-07, 3.00008e-07, 8.22325e-07, 0.964832, -0.262865, 0.516524, 0.636705, 0.0136162)
bone_idx = 9

[node name="Barbarian_Round_Shield" parent="Model/Rig/Skeleton3D" index="1"]
transform = Transform3D(4.89419e-08, 0.262864, 0.964832, 0.999999, -3.06881e-06, 1.20589e-06, 3.49226e-06, 0.964832, -0.262864, 0.662643, 0.636706, -0.0430846)
bone_idx = 10

[node name="Barbarian_Round_Shield" parent="Model/Rig/Skeleton3D/Barbarian_Round_Shield" index="0"]
visible = false

[node name="1H_Axe" parent="Model/Rig/Skeleton3D" index="2"]
transform = Transform3D(2.72302e-07, -0.149894, 0.988701, 0.999999, -1.11461e-06, -7.61174e-07, 1.54153e-06, 0.988702, 0.149894, -0.496054, 0.64103, 0.139528)
bone_idx = 16

[node name="2H_Axe" parent="Model/Rig/Skeleton3D" index="3"]
transform = Transform3D(2.72302e-07, -0.149894, 0.988701, 0.999999, -1.11461e-06, -7.61174e-07, 1.54153e-06, 0.988702, 0.149894, -0.496054, 0.64103, 0.139528)
bone_idx = 17

[node name="2H_Axe" parent="Model/Rig/Skeleton3D/2H_Axe" index="0"]
visible = false

[node name="Mug" parent="Model/Rig/Skeleton3D" index="4"]
transform = Transform3D(2.72302e-07, -0.149894, 0.988701, 0.999999, -1.11461e-06, -7.61174e-07, 1.54153e-06, 0.988702, 0.149894, -0.488717, 0.340464, 0.0911348)
bone_idx = 18

[node name="Mug" parent="Model/Rig/Skeleton3D/Mug" index="0"]
visible = false

[node name="Barbarian_Hat" parent="Model/Rig/Skeleton3D" index="5"]
transform = Transform3D(0.99972, -1.40145e-09, 0.0236468, 1.39343e-09, 1, 3.55687e-10, -0.0236468, -3.22638e-10, 0.99972, -7.55729e-09, 1.20227, -1.39052e-07)
bone_idx = 20

[node name="Barbarian_Cape" parent="Model/Rig/Skeleton3D" index="6"]
transform = Transform3D(0.996275, -5.14962e-09, 0.0862354, 5.13044e-09, 1, 4.44078e-10, -0.0862354, 1.47756e-15, 0.996275, -1.91641e-06, 1.20227, 2.59005e-08)
bone_idx = 21

[node name="AnimationPlayer" type="AnimationPlayer" parent="." index="6"]
libraries = {
"": SubResource("AnimationLibrary_yaq4q")
}

[editable path="Model"]
