[gd_scene load_steps=25 format=3 uid="uid://d31n7w2r1dcwj"]

[ext_resource type="PackedScene" uid="uid://db7ry8dwek5ww" path="res://core/unit/unit.tscn" id="1_mmvrh"]
[ext_resource type="Texture2D" uid="uid://lat7ahrw014r" path="res://assets/icon.svg" id="2_76icp"]
[ext_resource type="PackedScene" uid="uid://c627p7cvgddpc" path="res://design/abilities/sword_circle/sword_circle.tscn" id="2_j70px"]
[ext_resource type="PackedScene" uid="uid://ylen243mj5ls" path="res://design/abilities/knight_basic_attack/knight_basic_attack.tscn" id="2_vcgh4"]
[ext_resource type="PackedScene" uid="uid://ijjsf0suythw" path="res://design/abilities/throw_sword/throw_sword.tscn" id="2_wm0ny"]
[ext_resource type="Resource" uid="uid://xvig5656ekn1" path="res://design/abilities/knight_basic_attack/knight_basic_attack.tres" id="3_6gsil"]
[ext_resource type="Script" path="res://core/ability/ability_data.gd" id="3_bvcrc"]
[ext_resource type="Resource" uid="uid://bmh3ixgjwx3s8" path="res://design/abilities/sword_circle/sword_circle.tres" id="3_r8dm6"]
[ext_resource type="Resource" uid="uid://cee02m6ki4y4u" path="res://design/abilities/throw_sword/throw_sword.tres" id="3_tkynw"]
[ext_resource type="Script" path="res://core/ability/unit_ability.gd" id="4_d377c"]
[ext_resource type="PackedScene" uid="uid://bbrnjw87rcgo1" path="res://addons/KayKit_Adventurers_1.0_FREE/Characters/gltf/Knight.glb" id="5_r1b7k"]

[sub_resource type="Resource" id="Resource_db672"]
resource_local_to_scene = true
script = ExtResource("4_d377c")
base_cooldown = 3.0
resource_cost = 0.0
cast_range = 6
cast_time = 1.0
animation_lock_after_cast = 0.0
is_castable_while_moving = false
data = ExtResource("3_r8dm6")
ability_scene = ExtResource("2_j70px")

[sub_resource type="Resource" id="Resource_e80e0"]
resource_local_to_scene = true
script = ExtResource("4_d377c")
base_cooldown = 3.0
resource_cost = 0.0
cast_range = 10
cast_time = 0.8
animation_lock_after_cast = 0.0
is_castable_while_moving = false
data = ExtResource("3_tkynw")
ability_scene = ExtResource("2_wm0ny")

[sub_resource type="Resource" id="Resource_qo6vs"]
resource_local_to_scene = true
script = ExtResource("4_d377c")
base_cooldown = 1.0
resource_cost = 0.0
cast_range = 10
cast_time = 0.4
animation_lock_after_cast = 0.0
is_castable_while_moving = false
data = ExtResource("3_6gsil")
ability_scene = ExtResource("2_vcgh4")

[sub_resource type="Resource" id="Resource_uy0gr"]
script = ExtResource("3_bvcrc")
name = "Stop"
icon = ExtResource("2_76icp")
target_mode = 0
circle_radius = 0.0
arc_range = 0.0
arc_width = 0.0
line_width = 0.0
is_projectile = false
projectile_speed = 0.0
max_travel_distance = 0.0
piercing = false

[sub_resource type="Resource" id="Resource_iedhf"]
resource_local_to_scene = true
script = ExtResource("4_d377c")
base_cooldown = 0.0
resource_cost = 0.0
cast_range = 0
cast_time = 0.0
animation_lock_after_cast = 0.0
is_castable_while_moving = false
data = SubResource("Resource_uy0gr")

[sub_resource type="CapsuleShape3D" id="CapsuleShape3D_4vggr"]
radius = 0.7
height = 2.5

[sub_resource type="ViewportTexture" id="ViewportTexture_dpfa2"]
viewport_path = NodePath("HealthBar/SubViewport")

[sub_resource type="Animation" id="Animation_2gqgy"]
resource_name = "ability_a"
step = 0.05
tracks/0/type = "animation"
tracks/0/imported = false
tracks/0/enabled = true
tracks/0/path = NodePath("Model/AnimationPlayer")
tracks/0/interp = 1
tracks/0/loop_wrap = true
tracks/0/keys = {
"clips": PackedStringArray("1H_Melee_Attack_Slice_Diagonal"),
"times": PackedFloat32Array(0)
}

[sub_resource type="Animation" id="Animation_2adjx"]
resource_name = "ability_q"
length = 2.1
step = 0.05
tracks/0/type = "animation"
tracks/0/imported = false
tracks/0/enabled = true
tracks/0/path = NodePath("Model/AnimationPlayer")
tracks/0/interp = 1
tracks/0/loop_wrap = true
tracks/0/keys = {
"clips": PackedStringArray("Spellcast_Raise"),
"times": PackedFloat32Array(0)
}

[sub_resource type="Animation" id="Animation_ifb6a"]
resource_name = "ability_w"
length = 1.3667
step = 0.05
tracks/0/type = "animation"
tracks/0/imported = false
tracks/0/enabled = true
tracks/0/path = NodePath("Model/AnimationPlayer")
tracks/0/interp = 1
tracks/0/loop_wrap = true
tracks/0/keys = {
"clips": PackedStringArray("Throw"),
"times": PackedFloat32Array(0)
}
tracks/1/type = "method"
tracks/1/imported = false
tracks/1/enabled = true
tracks/1/path = NodePath("Model/Rig/Skeleton3D/1H_Sword/1H_Sword")
tracks/1/interp = 1
tracks/1/loop_wrap = true
tracks/1/keys = {
"times": PackedFloat32Array(0.8, 1.35),
"transitions": PackedFloat32Array(1, 1),
"values": [{
"args": [],
"method": &"hide"
}, {
"args": [],
"method": &"show"
}]
}

[sub_resource type="Animation" id="Animation_dqtgx"]
resource_name = "idle"
length = 1.0667
loop_mode = 1
tracks/0/type = "animation"
tracks/0/imported = false
tracks/0/enabled = true
tracks/0/path = NodePath("Model/AnimationPlayer")
tracks/0/interp = 1
tracks/0/loop_wrap = true
tracks/0/keys = {
"clips": PackedStringArray("Idle"),
"times": PackedFloat32Array(0)
}

[sub_resource type="Animation" id="Animation_fnut5"]
resource_name = "run"
length = 0.8
loop_mode = 1
tracks/0/type = "animation"
tracks/0/imported = false
tracks/0/enabled = true
tracks/0/path = NodePath("Model/AnimationPlayer")
tracks/0/interp = 1
tracks/0/loop_wrap = true
tracks/0/keys = {
"clips": PackedStringArray("Running_A"),
"times": PackedFloat32Array(0)
}

[sub_resource type="AnimationLibrary" id="AnimationLibrary_yooun"]
_data = {
"ability_a": SubResource("Animation_2gqgy"),
"ability_q": SubResource("Animation_2adjx"),
"ability_w": SubResource("Animation_ifb6a"),
"idle": SubResource("Animation_dqtgx"),
"run": SubResource("Animation_fnut5")
}

[node name="Knight" instance=ExtResource("1_mmvrh")]
unit_name = "Knight"
team = &"player"
ability_q = SubResource("Resource_db672")
ability_w = SubResource("Resource_e80e0")
ability_a = SubResource("Resource_qo6vs")
ability_s = SubResource("Resource_iedhf")

[node name="CollisionShape3D" parent="." index="0"]
transform = Transform3D(1, 0, 0, 0, 1, 0, 0, 0, 1, 0, 1.25, 0)
shape = SubResource("CapsuleShape3D_4vggr")

[node name="Model" parent="." index="1" instance=ExtResource("5_r1b7k")]

[node name="Skeleton3D" parent="Model/Rig" index="0"]
bones/1/position = Vector3(0, 0.392064, 0)
bones/1/rotation = Quaternion(-1.11123e-10, 0.0431577, 2.57241e-09, 0.999068)
bones/2/rotation = Quaternion(-6.93889e-18, 7.10543e-15, 4.93038e-32, 1)
bones/3/rotation = Quaternion(8.27181e-25, 3.72529e-09, 0, 1)
bones/4/rotation = Quaternion(-0.559906, -0.0608803, -0.643974, 0.517779)
bones/5/rotation = Quaternion(3.65498e-08, -4.88301e-08, -0.494719, 0.869053)
bones/7/rotation = Quaternion(-0.321065, -0.325319, 0.145726, 0.87741)
bones/14/rotation = Quaternion(-0.618244, 0.0807286, 0.618012, 0.478873)
bones/15/rotation = Quaternion(2.09853e-08, 5.12855e-08, 0.517939, 0.855417)
bones/17/rotation = Quaternion(-0.319291, 0.300524, -0.22735, 0.869512)
bones/18/rotation = Quaternion(-1.02444e-09, -4.24391e-09, 0.707107, 0.707107)
bones/21/rotation = Quaternion(-5.80608e-11, -0.0313417, -1.88012e-09, 0.999509)
bones/24/rotation = Quaternion(0.996185, 0.0479136, 0.0566427, -0.045939)
bones/25/rotation = Quaternion(0.165014, 6.49414e-08, -1.11407e-07, 0.986291)
bones/26/rotation = Quaternion(-0.533729, -0.260895, -1.73018e-05, 0.804405)
bones/28/rotation = Quaternion(0.997322, -0.0294574, 0.0315293, 0.0590483)
bones/29/rotation = Quaternion(0.274008, -6.38135e-08, 1.92761e-07, 0.961727)
bones/30/rotation = Quaternion(-0.559039, 0.114513, -0.00862764, 0.82115)
bones/33/position = Vector3(0.213918, 0.0259903, 0.173866)
bones/33/rotation = Quaternion(-0.705092, 0.0533355, 0.0533355, 0.705092)
bones/34/rotation = Quaternion(9.65792e-09, 1.77955e-09, 0.985719, -0.168398)
bones/35/rotation = Quaternion(-1.04035e-07, 0.391084, 0.920355, -2.9526e-08)
bones/41/rotation = Quaternion(-5.83589e-09, 6.43837e-10, 0.994809, 0.101756)
bones/42/rotation = Quaternion(-1.04035e-07, 0.391084, 0.920355, -2.95261e-08)
bones/47/position = Vector3(0.520841, 0.788312, -0.0576373)
bones/47/rotation = Quaternion(0.794627, -9.80973e-08, 0.607098, -8.14761e-08)
bones/49/position = Vector3(-0.510844, 0.788312, 0.0597369)
bones/49/rotation = Quaternion(-0.758253, -2.06327e-07, 0.651961, -2.6433e-08)

[node name="1H_Sword_Offhand" parent="Model/Rig/Skeleton3D" index="0"]
transform = Transform3D(3.52814e-07, 0.262863, 0.964832, 0.999999, -3.25018e-07, -2.78179e-08, 5.17347e-07, 0.964832, -0.262863, 0.51224, 0.636705, -0.00210763)
bone_idx = 9

[node name="1H_Sword_Offhand" parent="Model/Rig/Skeleton3D/1H_Sword_Offhand" index="0"]
visible = false

[node name="Badge_Shield" parent="Model/Rig/Skeleton3D" index="1"]
transform = Transform3D(3.75229e-07, 0.262863, 0.964832, 0.999999, -2.8602e-06, 6.39644e-07, 3.13882e-06, 0.964833, -0.262863, 0.662643, 0.636705, -0.0430841)
bone_idx = 10

[node name="Badge_Shield" parent="Model/Rig/Skeleton3D/Badge_Shield" index="0"]
visible = false

[node name="Rectangle_Shield" parent="Model/Rig/Skeleton3D" index="2"]
transform = Transform3D(3.75229e-07, 0.262863, 0.964832, 0.999999, -2.8602e-06, 6.39644e-07, 3.13882e-06, 0.964833, -0.262863, 0.662643, 0.636705, -0.0430841)
bone_idx = 11

[node name="Round_Shield" parent="Model/Rig/Skeleton3D" index="3"]
transform = Transform3D(3.75229e-07, 0.262863, 0.964832, 0.999999, -2.8602e-06, 6.39644e-07, 3.13882e-06, 0.964833, -0.262863, 0.662643, 0.636705, -0.0430841)
bone_idx = 12

[node name="Round_Shield" parent="Model/Rig/Skeleton3D/Round_Shield" index="0"]
visible = false

[node name="Spike_Shield" parent="Model/Rig/Skeleton3D" index="4"]
transform = Transform3D(3.75229e-07, 0.262863, 0.964832, 0.999999, -2.8602e-06, 6.39644e-07, 3.13882e-06, 0.964833, -0.262863, 0.662643, 0.636705, -0.0430841)
bone_idx = 13

[node name="Spike_Shield" parent="Model/Rig/Skeleton3D/Spike_Shield" index="0"]
visible = false

[node name="1H_Sword" parent="Model/Rig/Skeleton3D" index="5"]
transform = Transform3D(-4.39148e-07, -0.149894, 0.988701, 0.999999, -3.25018e-07, 1.19209e-07, 6.21389e-07, 0.988701, 0.149894, -0.496054, 0.64103, 0.139528)
bone_idx = 19

[node name="2H_Sword" parent="Model/Rig/Skeleton3D" index="6"]
transform = Transform3D(-4.54887e-07, -0.149894, 0.988701, 0.999999, -3.39751e-07, 1.32895e-07, 6.33905e-07, 0.988701, 0.149894, -0.496054, 0.64103, 0.139528)
bone_idx = 20

[node name="2H_Sword" parent="Model/Rig/Skeleton3D/2H_Sword" index="0"]
visible = false

[node name="Knight_Helmet" parent="Model/Rig/Skeleton3D" index="7"]
transform = Transform3D(0.99972, -1.40143e-09, 0.0236466, 1.39341e-09, 1, 3.55686e-10, -0.0236466, -3.22637e-10, 0.99972, 4.69869e-07, 1.20229, -1.19779e-07)
bone_idx = 22

[node name="Knight_Cape" parent="Model/Rig/Skeleton3D" index="8"]
transform = Transform3D(0.996275, -5.14962e-09, 0.0862353, 5.13043e-09, 1, 4.44077e-10, -0.0862353, 1.86619e-15, 0.996275, -1.63023e-08, 1.20229, -1.40136e-07)
bone_idx = 23

[node name="HealthBar" parent="." index="2"]
transform = Transform3D(1, 0, 0, 0, 1, 0, 0, 0, 1, 0, 2.88555, 0)
texture = SubResource("ViewportTexture_dpfa2")

[node name="AnimationPlayer" type="AnimationPlayer" parent="." index="6"]
libraries = {
"": SubResource("AnimationLibrary_yooun")
}

[editable path="Model"]
